8 26 3
0.043937 0.003515 0.029877 0.038664 0.137083 0.015817 0.015817 0.005272 0.068541 0.000000 0.000000 0.063269 0.021090 0.077329 0.057996 0.017575 0.005272 0.047452 0.045694 0.052724 0.047452 0.014060 0.003515 0.001757 0.005272 0.000000 
1 0 0
0.159420 0.000000 0.014493 0.000000 0.043478 0.000000 0.057971 0.028986 0.028986 0.000000 0.014493 0.043478 0.043478 0.028986 0.043478 0.028986 0.000000 0.101449 0.043478 0.086957 0.043478 0.000000 0.014493 0.000000 0.000000 0.000000 
0 0 1
0.159420 0.000000 0.014493 0.000000 0.043478 0.000000 0.057971 0.028986 0.028986 0.000000 0.014493 0.043478 0.043478 0.028986 0.043478 0.028986 0.000000 0.101449 0.043478 0.086957 0.043478 0.000000 0.014493 0.000000 0.000000 0.000000 
0 0 1
0.159420 0.000000 0.014493 0.000000 0.043478 0.000000 0.057971 0.028986 0.028986 0.000000 0.014493 0.043478 0.043478 0.028986 0.043478 0.028986 0.000000 0.101449 0.043478 0.086957 0.043478 0.000000 0.014493 0.000000 0.000000 0.000000 
0 0 1
0.083333 0.000000 0.000000 0.041667 0.041667 0.000000 0.041667 0.000000 0.083333 0.000000 0.000000 0.083333 0.000000 0.083333 0.041667 0.041667 0.000000 0.041667 0.083333 0.000000 0.000000 0.041667 0.041667 0.000000 0.000000 0.000000 
0 0 1
0.090909 0.000000 0.000000 0.000000 0.181818 0.000000 0.000000 0.090909 0.000000 0.000000 0.000000 0.000000 0.000000 0.000000 0.000000 0.090909 0.000000 0.181818 0.090909 0.000000 0.000000 0.000000 0.000000 0.000000 0.000000 0.000000 
0 0 1
0.090226 0.015038 0.045113 0.030075 0.082707 0.037594 0.022556 0.037594 0.082707 0.000000 0.000000 0.045113 0.015038 0.052632 0.075188 0.007519 0.000000 0.067669 0.045113 0.045113 0.007519 0.007519 0.007519 0.000000 0.022556 0.000000 
0 0 1
0.096267 0.003929 0.027505 0.033399 0.113949 0.000000 0.007859 0.005894 0.045187 0.003929 0.000000 0.064833 0.023576 0.066798 0.064833 0.021611 0.009823 0.047151 0.056974 0.029470 0.039293 0.019646 0.000000 0.000000 0.011788 0.001965 
0 1 0
